100, 100
-1,-1,-1,-1,-1,-1,-1,-1,-1,-1,-1,-1,-1,-1,-1,-1,-1,-1,-1,-1,-1,-1,-1,-1,-1,-1,-1,-1,-1,-1,-1,-1,-1,-1,-1,-1,-1,-1,-1,-1,-1,-1,-1,-1,-1,-1,-1,-1,-1,-1,-1,-1,-1,-1,-1,-1,-1,-1,-1,-1,-1,-1,-1,-1,-1,-1,-1,-1,-1,-1,-1,-1,-1,-1,-1,-1,-1,-1,-1,-1,-1,-1,-1,-1,-1,-1,-1,-1,-1,-1,-1,-1,-1,-1,-1,-1,-1,-1,-1,-1
A1,0,0,0,0,0,0,0,0,0,0,0,0,0,0,0,0,0,0,0,-1,0,0,0,0,0,0,0,0,0,-1,0,0,0,0,0,-1,0,0,0,0,0,0,0,0,0,0,0,0,0,-1,0,0,0,0,0,0,0,0,0,0,0,-1,0,0,0,0,0,0,0,0,0,-1,0,0,0,0,0,-1,0,0,K1,0,0,0,0,-1,0,0,0,-1,0,0,0,0,0,0,0,0,0
-1,-1,-1,-1,-1,0,-1,-1,-1,-1,-1,-1,-1,-1,-1,-1,-1,-1,-1,0,-1,-1,-1,0,-1,-1,-1,-1,-1,0,-1,0,-1,-1,-1,0,-1,0,-1,-1,-1,0,-1,-1,-1,-1,-1,-1,-1,0,-1,-1,-1,0,-1,-1,-1,-1,-1,-1,-1,0,-1,0,-1,-1,-1,-1,-1,0,-1,0,-1,-1,-1,-1,-1,0,-1,0,-1,-1,-1,0,-1,0,-1,-1,-1,0,-1,0,-1,-1,-1,-1,-1,0,-1,0
-1,0,0,0,0,0,-1,0,0,0,0,0,0,0,0,0,0,0,-1,0,-1,0,0,0,-1,0,0,0,0,0,-1,0,-1,0,0,0,0,0,-1,0,0,0,-1,0,0,0,0,K3,-1,0,0,0,0,0,-1,0,0,0,0,0,0,0,-1,0,-1,0,0,0,0,0,-1,0,-1,0,0,0,-1,0,0,0,0,0,-1,0,-1,0,0,0,-1,0,-1,0,0,0,-1,0,-1,0,-1,0
-1,0,-1,-1,-1,-1,-1,0,-1,-1,-1,-1,-1,-1,-1,-1,-1,-1,-1,0,-1,0,-1,-1,-1,0,-1,-1,-1,-1,-1,0,-1,-1,-1,-1,-1,-1,-1,0,-1,-1,-1,0,-1,-1,-1,0,-1,-1,-1,-1,-1,-1,-1,0,-1,-1,-1,-1,-1,-1,-1,0,-1,0,-1,-1,-1,-1,-1,0,-1,0,-1,0,-1,-1,-1,-1,-1,0,-1,0,-1,-1,-1,0,-1,0,-1,-1,-1,0,-1,0,-1,0,-1,0
-1,0,0,0,-1,0,0,0,0,0,0,0,0,0,0,0,0,0,-1,0,0,0,-1,0,-1,0,-1,0,0,0,0,0,-1,0,0,0,0,0,-1,0,-1,0,0,0,-1,0,-1,0,-1,0,0,0,-1,0,0,0,0,0,-1,0,0,0,0,0,-1,0,0,0,0,0,-1,0,0,0,-1,0,0,0,-1,0,-1,0,-1,0,0,0,-1,0,0,0,0,0,-1,0,-1,0,-1,0,-1,0
-1,0,-1,0,-1,-1,-1,-1,-1,0,-1,-1,-1,-1,-1,-1,-1,0,-1,-1,-1,-1,-1,0,-1,0,-1,-1,-1,-1,-1,0,-1,0,-1,-1,-1,0,-1,-1,-1,0,-1,-1,-1,0,-1,0,-1,0,-1,0,-1,-1,-1,-1,-1,-1,-1,0,-1,-1,-1,-1,-1,-1,-1,-1,-1,0,-1,-1,-1,-1,-1,-1,-1,0,-1,0,-1,0,-1,-1,-1,0,-1,-1,-1,-1,-1,0,-1,0,-1,0,-1,0,-1,0
-1,0,-1,0,0,0,0,0,-1,0,0,0,0,0,-1,0,0,0,0,0,0,0,-1,0,-1,0,0,0,0,0,-1,0,0,0,0,0,-1,0,-1,0,0,0,-1,D1,0,0,-1,0,0,0,-1,0,0,0,0,0,0,0,0,0,0,0,-1,0,0,0,0,0,-1,0,0,0,-1,0,0,0,-1,0,-1,0,-1,0,-1,0,0,0,-1,0,0,0,-1,0,-1,0,-1,0,-1,0,-1,0
-1,0,-1,-1,-1,-1,-1,0,-1,-1,-1,-1,-1,0,-1,0,-1,-1,-1,-1,-1,0,-1,0,-1,-1,-1,-1,-1,0,-1,-1,-1,-1,-1,0,-1,0,-1,0,-1,-1,-1,-1,-1,0,-1,-1,-1,-1,-1,-1,-1,-1,-1,-1,-1,-1,-1,-1,-1,-1,-1,0,-1,-1,-1,0,-1,0,-1,0,-1,0,-1,0,-1,0,-1,0,-1,0,-1,0,-1,0,-1,0,-1,0,-1,-1,-1,0,-1,0,-1,0,-1,0
-1,0,0,0,-1,0,-1,0,0,0,-1,0,-1,0,-1,0,-1,0,0,0,0,0,0,0,0,0,0,0,-1,0,0,0,0,0,-1,0,-1,0,-1,0,-1,0,0,0,0,0,0,D3,0,0,0,0,0,0,-1,0,0,0,0,0,-1,0,0,0,-1,0,-1,0,-1,0,-1,0,-1,0,-1,0,-1,0,-1,0,-1,0,-1,0,-1,0,-1,0,-1,0,0,0,0,0,0,0,-1,0,-1,0
-1,-1,-1,0,-1,0,-1,-1,-1,0,-1,0,-1,0,-1,0,-1,-1,-1,-1,-1,-1,-1,-1,-1,-1,-1,0,-1,-1,-1,-1,-1,0,-1,-1,-1,0,-1,0,-1,0,-1,-1,-1,-1,-1,-1,-1,-1,-1,-1,-1,0,-1,0,-1,-1,-1,0,-1,0,-1,-1,-1,0,-1,0,-1,-1,-1,0,-1,0,-1,0,-1,0,-1,0,-1,0,-1,0,-1,-1,-1,0,-1,-1,-1,-1,-1,-1,-1,0,-1,0,-1,0
-1,0,-1,0,0,0,-1,0,-1,0,-1,0,0,0,-1,0,-1,0,0,0,-1,0,-1,0,0,0,-1,0,0,0,-1,0,-1,0,0,0,-1,0,0,0,0,0,-1,0,0,0,0,0,-1,0,0,0,-1,0,-1,0,0,0,-1,0,-1,0,-1,0,0,0,-1,0,0,0,0,0,-1,0,-1,0,-1,0,-1,0,-1,0,-1,0,-1,0,0,0,0,0,-1,0,0,0,-1,0,-1,0,-1,0
-1,0,-1,-1,-1,0,-1,0,-1,0,-1,-1,-1,-1,-1,0,-1,0,-1,0,-1,0,-1,0,-1,0,-1,-1,-1,0,-1,0,-1,-1,-1,0,-1,-1,-1,-1,-1,-1,-1,0,-1,-1,-1,0,-1,0,-1,0,-1,0,-1,-1,-1,0,-1,0,-1,0,-1,-1,-1,0,-1,-1,-1,-1,-1,-1,-1,0,-1,0,-1,0,-1,0,-1,0,-1,0,-1,0,-1,-1,-1,-1,-1,0,-1,0,-1,-1,-1,0,-1,0
-1,0,-1,0,0,0,-1,0,-1,0,0,0,0,0,-1,0,0,0,-1,0,-1,0,0,0,-1,0,0,0,-1,0,0,0,-1,0,-1,0,-1,0,0,0,0,0,0,0,-1,0,0,0,-1,0,-1,0,0,0,0,0,-1,0,-1,0,-1,0,-1,0,0,0,0,0,0,0,0,0,-1,0,-1,0,0,0,-1,0,0,0,-1,0,0,0,0,0,-1,0,0,0,-1,0,0,0,0,0,-1,0
-1,0,-1,0,-1,-1,-1,0,-1,-1,-1,-1,-1,0,-1,-1,-1,-1,-1,0,-1,0,-1,-1,-1,-1,-1,0,-1,-1,-1,0,-1,0,-1,0,-1,0,-1,-1,-1,-1,-1,-1,-1,0,-1,-1,-1,0,-1,-1,-1,-1,-1,-1,-1,0,-1,0,-1,0,-1,0,-1,-1,-1,-1,-1,-1,-1,0,-1,0,-1,-1,-1,-1,-1,-1,-1,0,-1,-1,-1,-1,-1,-1,-1,0,-1,-1,-1,-1,-1,-1,-1,-1,-1,0
-1,0,-1,0,-1,0,0,0,0,0,-1,0,0,0,-1,0,0,0,0,0,-1,0,0,0,0,0,-1,0,0,0,-1,0,0,0,-1,0,0,0,-1,0,0,0,0,0,-1,0,-1,0,0,0,0,0,0,0,-1,0,0,0,-1,0,0,0,-1,0,0,0,0,0,0,0,-1,0,-1,0,0,0,0,0,0,0,-1,0,-1,0,0,0,0,0,0,0,-1,0,0,0,0,0,-1,0,0,0
-1,0,-1,0,-1,-1,-1,0,-1,-1,-1,0,-1,-1,-1,0,-1,-1,-1,-1,-1,-1,-1,0,-1,-1,-1,0,-1,-1,-1,-1,-1,0,-1,-1,-1,-1,-1,0,-1,0,-1,0,-1,0,-1,-1,-1,-1,-1,-1,-1,-1,-1,0,-1,-1,-1,-1,-1,-1,-1,0,-1,-1,-1,-1,-1,0,-1,-1,-1,-1,-1,-1,-1,-1,-1,0,-1,-1,-1,0,-1,-1,-1,-1,-1,-1,-1,0,-1,-1,-1,-1,-1,0,-1,-1
-1,0,-1,0,0,0,0,0,-1,0,0,0,-1,0,0,0,-1,0,0,0,-1,0,-1,0,-1,0,0,0,-1,0,0,0,0,0,-1,0,0,0,0,0,-1,0,-1,0,-1,0,-1,0,0,0,0,0,0,0,-1,0,-1,0,0,0,-1,0,-1,0,0,0,-1,0,0,0,-1,0,0,0,0,0,0,0,-1,0,0,0,-1,0,-1,0,0,0,0,0,0,0,-1,0,0,0,0,0,-1,0
-1,0,-1,-1,-1,-1,-1,0,-1,0,-1,-1,-1,0,-1,-1,-1,0,-1,0,-1,0,-1,0,-1,0,-1,-1,-1,0,-1,-1,-1,-1,-1,0,-1,-1,-1,-1,-1,0,-1,-1,-1,0,-1,0,-1,-1,-1,-1,-1,0,-1,0,-1,0,-1,0,-1,0,-1,0,-1,-1,-1,0,-1,-1,-1,0,-1,-1,-1,-1,-1,0,-1,-1,-1,0,-1,0,-1,0,-1,0,-1,-1,-1,-1,-1,0,-1,-1,-1,-1,-1,0
-1,0,0,0,-1,0,0,0,-1,0,-1,0,0,0,-1,0,0,0,-1,0,0,0,-1,0,-1,0,0,0,0,0,0,0,0,0,-1,0,0,0,-1,0,0,0,-1,0,0,0,-1,0,0,0,-1,0,-1,0,-1,0,-1,0,-1,0,-1,0,-1,0,-1,0,0,0,-1,0,0,0,-1,0,-1,0,0,0,0,0,-1,0,0,0,-1,0,-1,0,0,0,0,0,0,0,-1,0,0,0,0,0
-1,0,-1,0,-1,0,-1,-1,-1,0,-1,-1,-1,0,-1,0,-1,0,-1,-1,-1,-1,-1,0,-1,-1,-1,-1,-1,-1,-1,-1,-1,-1,-1,-1,-1,0,-1,0,-1,0,-1,0,-1,-1,-1,0,-1,0,-1,0,-1,0,-1,0,-1,0,-1,0,-1,0,-1,0,-1,0,-1,-1,-1,0,-1,-1,-1,0,-1,0,-1,-1,-1,-1,-1,-1,-1,-1,-1,0,-1,-1,-1,-1,-1,-1,-1,-1,-1,-1,-1,-1,-1,0
-1,0,-1,0,0,0,-1,0,-1,0,0,0,-1,0,-1,0,-1,0,0,0,0,0,0,0,0,0,0,0,-1,0,0,0,0,0,0,0,0,0,-1,0,-1,0,-1,0,-1,0,0,0,-1,0,-1,0,0,0,0,0,-1,0,-1,0,-1,0,0,0,-1,0,-1,0,0,0,-1,0,0,0,-1,0,0,0,-1,0,0,0,0,0,-1,0,0,0,0,0,-1,0,0,0,0,0,0,0,-1,0
-1,0,-1,-1,-1,-1,-1,0,-1,-1,-1,0,-1,0,-1,0,-1,-1,-1,-1,-1,-1,-1,-1,-1,-1,-1,-1,-1,0,-1,-1,-1,-1,-1,-1,-1,-1,-1,0,-1,-1,-1,0,-1,-1,-1,-1,-1,0,-1,-1,-1,-1,-1,-1,-1,0,-1,0,-1,-1,-1,-1,-1,0,-1,0,-1,-1,-1,0,-1,0,-1,-1,-1,0,-1,0,-1,0,-1,-1,-1,-1,-1,-1,-1,0,-1,0,-1,0,-1,-1,-1,0,-1,0
-1,0,-1,0,0,0,0,0,0,0,-1,0,-1,0,-1,0,0,0,0,0,0,0,0,0,-1,0,0,0,-1,0,-1,0,0,0,0,0,-1,0,-1,0,0,0,-1,0,0,0,0,0,-1,0,-1,0,0,D2,-1,0,0,0,-1,0,0,0,0,0,-1,0,-1,0,-1,0,0,0,-1,0,0,0,-1,0,0,0,-1,0,0,0,0,0,-1,0,-1,0,-1,0,-1,0,0,0,-1,0,0,0
-1,0,-1,-1,-1,-1,-1,0,-1,-1,-1,0,-1,0,-1,-1,-1,-1,-1,-1,-1,-1,-1,-1,-1,0,-1,0,-1,0,-1,0,-1,-1,-1,0,-1,0,-1,-1,-1,0,-1,-1,-1,-1,-1,0,-1,0,-1,0,-1,0,-1,0,-1,-1,-1,-1,-1,-1,-1,0,-1,0,-1,0,-1,0,-1,-1,-1,0,-1,-1,-1,-1,-1,-1,-1,-1,-1,0,-1,0,-1,0,-1,0,-1,0,-1,-1,-1,0,-1,-1,-1,0
-1,0,0,0,0,0,0,0,-1,0,0,0,-1,0,0,0,0,0,-1,0,0,0,-1,0,0,0,-1,0,-1,0,-1,0,0,0,-1,0,0,0,0,0,-1,0,-1,0,0,0,-1,0,-1,0,0,0,-1,0,0,0,-1,0,0,0,-1,0,0,0,-1,0,0,0,0,0,-1,0,0,0,-1,0,0,0,0,0,-1,0,0,0,-1,0,-1,0,-1,0,-1,0,-1,0,0,0,-1,0,-1,0
-1,-1,-1,0,-1,-1,-1,-1,-1,0,-1,-1,-1,0,-1,-1,-1,0,-1,0,-1,0,-1,0,-1,-1,-1,0,-1,0,-1,-1,-1,0,-1,-1,-1,0,-1,-1,-1,0,-1,0,-1,0,-1,0,-1,-1,-1,0,-1,-1,-1,-1,-1,0,-1,-1,-1,0,-1,-1,-1,-1,-1,-1,-1,-1,-1,0,-1,-1,-1,0,-1,-1,-1,0,-1,0,-1,-1,-1,0,-1,0,-1,0,-1,-1,-1,0,-1,-1,-1,0,-1,0
-1,0,-1,0,-1,0,0,0,-1,0,-1,0,0,0,0,0,-1,0,0,0,-1,0,0,0,0,0,-1,0,0,0,0,0,0,0,-1,0,0,0,-1,0,0,0,-1,0,-1,0,-1,0,0,0,-1,0,0,0,0,0,0,0,-1,0,0,0,-1,0,0,0,0,0,-1,0,0,0,-1,0,0,0,-1,0,0,0,0,0,-1,0,0,0,0,0,-1,0,0,0,0,0,-1,0,0,0,-1,0
-1,0,-1,0,-1,0,-1,0,-1,0,-1,-1,-1,-1,-1,-1,-1,-1,-1,-1,-1,-1,-1,-1,-1,0,-1,-1,-1,-1,-1,-1,-1,-1,-1,-1,-1,0,-1,0,-1,-1,-1,0,-1,0,-1,-1,-1,0,-1,-1,-1,-1,-1,-1,-1,0,-1,0,-1,-1,-1,0,-1,-1,-1,0,-1,-1,-1,0,-1,0,-1,-1,-1,0,-1,-1,-1,-1,-1,0,-1,-1,-1,-1,-1,-1,-1,-1,-1,-1,-1,0,-1,0,-1,0
-1,0,0,0,-1,0,-1,0,-1,0,0,0,0,0,-1,0,0,0,0,0,0,0,-1,0,0,0,0,0,0,0,-1,0,0,0,0,0,-1,0,-1,0,0,0,0,0,-1,0,0,0,0,0,-1,0,0,0,0,0,0,0,-1,0,-1,0,0,0,-1,0,-1,0,0,0,-1,0,-1,0,0,0,-1,0,-1,0,0,0,-1,0,-1,0,0,0,0,0,0,0,0,0,-1,0,-1,0,-1,0
-1,0,-1,-1,-1,0,-1,0,-1,-1,-1,-1,-1,0,-1,-1,-1,-1,-1,-1,-1,0,-1,-1,-1,-1,-1,0,-1,-1,-1,0,-1,-1,-1,0,-1,-1,-1,-1,-1,0,-1,-1,-1,-1,-1,-1,-1,-1,-1,-1,-1,0,-1,-1,-1,-1,-1,0,-1,0,-1,0,-1,0,-1,-1,-1,0,-1,-1,-1,-1,-1,0,-1,-1,-1,0,-1,0,-1,-1,-1,0,-1,-1,-1,-1,-1,0,-1,0,-1,0,-1,0,-1,0
-1,0,-1,0,0,0,-1,0,-1,0,0,0,0,0,0,0,-1,0,0,0,-1,0,0,0,0,0,-1,0,-1,0,0,0,-1,0,0,0,-1,0,0,0,-1,0,0,0,0,0,0,0,0,0,0,0,-1,0,-1,0,0,0,0,0,-1,0,-1,0,-1,0,-1,0,0,0,-1,0,0,0,0,0,-1,0,0,0,-1,0,0,0,0,0,-1,0,0,0,-1,0,-1,0,-1,0,-1,0,0,0
-1,-1,-1,0,-1,-1,-1,0,-1,0,-1,-1,-1,-1,-1,0,-1,-1,-1,0,-1,-1,-1,-1,-1,0,-1,-1,-1,0,-1,-1,-1,0,-1,-1,-1,0,-1,0,-1,-1,-1,-1,-1,-1,-1,-1,-1,-1,-1,0,-1,-1,-1,0,-1,-1,-1,-1,-1,-1,-1,0,-1,0,-1,0,-1,-1,-1,0,-1,0,-1,-1,-1,0,-1,-1,-1,-1,-1,-1,-1,-1,-1,-1,-1,0,-1,0,-1,-1,-1,0,-1,-1,-1,-1
-1,0,0,0,-1,0,0,0,-1,0,-1,0,0,0,0,0,0,0,-1,0,0,0,0,0,-1,0,0,0,-1,0,0,0,-1,0,0,0,0,0,-1,0,0,0,0,0,0,0,-1,0,0,0,0,0,0,0,-1,0,0,0,-1,0,0,0,-1,0,-1,0,-1,0,-1,0,0,0,-1,0,-1,0,0,0,-1,0,0,0,0,0,-1,0,0,0,0,0,-1,0,0,0,0,0,-1,0,0,0
-1,0,-1,-1,-1,-1,-1,0,-1,0,-1,-1,-1,-1,-1,-1,-1,0,-1,-1,-1,0,-1,0,-1,-1,-1,0,-1,-1,-1,0,-1,-1,-1,-1,-1,-1,-1,0,-1,-1,-1,-1,-1,0,-1,-1,-1,-1,-1,-1,-1,0,-1,-1,-1,0,-1,0,-1,0,-1,0,-1,0,-1,0,-1,0,-1,0,-1,0,-1,0,-1,-1,-1,0,-1,-1,-1,0,-1,0,-1,-1,-1,-1,-1,-1,-1,-1,-1,-1,-1,0,-1,0
-1,0,-1,0,0,0,-1,0,0,0,-1,0,0,0,-1,0,0,0,0,0,0,0,-1,0,-1,0,-1,0,0,0,-1,0,-1,0,0,0,0,0,-1,0,-1,0,0,0,-1,0,0,0,0,0,-1,0,-1,0,0,0,0,0,-1,0,-1,0,0,0,-1,0,-1,0,-1,0,-1,0,-1,0,-1,0,0,0,-1,0,0,0,-1,0,-1,0,0,0,0,0,0,0,0,0,0,0,0,0,-1,0
-1,0,-1,0,-1,0,-1,-1,-1,-1,-1,0,-1,0,-1,-1,-1,-1,-1,-1,-1,-1,-1,0,-1,0,-1,-1,-1,0,-1,0,-1,0,-1,0,-1,-1,-1,0,-1,0,-1,0,-1,-1,-1,-1,-1,0,-1,0,-1,-1,-1,-1,-1,-1,-1,0,-1,-1,-1,-1,-1,0,-1,0,-1,-1,-1,0,-1,0,-1,-1,-1,0,-1,-1,-1,0,-1,0,-1,-1,-1,-1,-1,-1,-1,-1,-1,-1,-1,0,-1,0,-1,-1
-1,0,-1,0,-1,0,0,0,0,0,0,0,-1,0,0,0,0,0,0,0,-1,0,-1,0,-1,0,0,0,-1,0,-1,0,-1,0,-1,0,0,0,0,0,-1,0,-1,0,-1,0,-1,0,0,0,-1,0,0,0,0,0,0,0,0,0,-1,0,0,0,0,0,0,0,0,0,-1,0,-1,0,0,0,-1,0,0,0,0,0,-1,0,-1,0,0,0,0,0,0,0,0,0,-1,0,-1,0,0,0
-1,0,-1,0,-1,-1,-1,-1,-1,-1,-1,-1,-1,-1,-1,-1,-1,-1,-1,0,-1,0,-1,K2,-1,0,-1,0,-1,0,-1,0,-1,-1,-1,-1,-1,-1,-1,-1,-1,0,-1,0,-1,0,-1,0,-1,-1,-1,0,-1,-1,-1,-1,-1,-1,-1,-1,-1,0,-1,-1,-1,-1,-1,-1,-1,0,-1,0,-1,-1,-1,-1,-1,-1,-1,-1,-1,-1,-1,0,-1,0,-1,-1,-1,-1,-1,-1,-1,0,-1,-1,-1,0,-1,0
-1,0,0,0,-1,0,0,0,-1,0,0,0,0,0,0,0,0,0,0,0,-1,0,0,0,-1,0,-1,0,-1,0,-1,0,0,0,0,0,0,0,0,0,0,0,-1,0,-1,0,0,0,-1,0,0,0,0,0,0,0,0,0,-1,0,0,0,-1,0,0,0,0,0,-1,0,-1,0,0,0,0,0,0,0,0,0,0,0,-1,0,0,0,-1,0,0,0,-1,0,-1,0,0,0,-1,0,-1,0
-1,0,-1,-1,-1,0,-1,-1,-1,0,-1,-1,-1,-1,-1,-1,-1,-1,-1,-1,-1,0,-1,-1,-1,-1,-1,0,-1,0,-1,-1,-1,0,-1,-1,-1,-1,-1,-1,-1,0,-1,0,-1,0,-1,-1,-1,0,-1,-1,-1,-1,-1,-1,-1,0,-1,-1,-1,-1,-1,0,-1,-1,-1,0,-1,0,-1,-1,-1,-1,-1,-1,-1,0,-1,0,-1,-1,-1,-1,-1,-1,-1,0,-1,0,-1,0,-1,-1,-1,0,-1,-1,-1,0
-1,0,-1,0,0,0,-1,0,0,0,-1,0,0,0,0,0,0,0,0,0,0,0,-1,0,0,0,0,0,-1,0,0,0,-1,0,-1,0,0,0,0,0,-1,0,-1,0,-1,0,0,0,-1,0,-1,0,0,0,-1,0,0,0,-1,0,0,0,0,0,-1,0,0,0,-1,0,0,0,0,0,0,0,0,0,-1,0,-1,0,0,0,0,0,0,0,-1,0,0,0,-1,0,-1,0,0,0,-1,0
-1,0,-1,-1,-1,0,-1,0,-1,-1,-1,0,-1,-1,-1,-1,-1,-1,-1,-1,-1,-1,-1,0,-1,0,-1,-1,-1,-1,-1,0,-1,-1,-1,0,-1,-1,-1,0,-1,0,-1,0,-1,-1,-1,0,-1,0,-1,0,-1,0,-1,0,-1,-1,-1,0,-1,-1,-1,-1,-1,0,-1,-1,-1,-1,-1,-1,-1,-1,-1,-1,-1,-1,-1,0,-1,0,-1,0,-1,-1,-1,-1,-1,-1,-1,0,-1,0,-1,-1,-1,0,-1,0
-1,0,0,0,0,0,-1,0,0,0,-1,0,0,0,0,0,0,0,-1,0,0,0,0,0,-1,0,0,0,0,0,-1,0,0,0,0,0,-1,0,-1,0,-1,0,-1,0,-1,0,-1,0,-1,0,0,0,-1,0,-1,0,-1,0,0,0,-1,0,0,0,-1,0,-1,0,0,0,-1,0,0,0,0,0,-1,0,0,0,-1,0,-1,0,0,0,-1,0,0,0,0,0,0,0,0,0,-1,0,-1,0
-1,0,-1,-1,-1,-1,-1,-1,-1,0,-1,-1,-1,-1,-1,-1,-1,0,-1,0,-1,-1,-1,-1,-1,-1,-1,0,-1,0,-1,-1,-1,-1,-1,-1,-1,0,-1,0,-1,-1,-1,0,-1,0,-1,0,-1,-1,-1,-1,-1,0,-1,0,-1,0,-1,-1,-1,0,-1,0,-1,0,-1,0,-1,-1,-1,0,-1,0,-1,-1,-1,0,-1,-1,-1,0,-1,-1,-1,0,-1,-1,-1,-1,-1,-1,-1,-1,-1,-1,-1,0,-1,0
-1,0,-1,0,0,0,-1,0,0,0,-1,0,0,0,0,0,-1,0,-1,0,-1,0,0,0,-1,0,0,0,-1,0,-1,0,0,0,-1,0,0,0,0,0,-1,0,0,0,-1,0,-1,0,-1,0,0,0,-1,0,-1,0,0,0,-1,0,0,0,-1,0,-1,0,-1,0,-1,0,0,0,-1,0,0,0,-1,0,-1,0,-1,0,-1,0,-1,0,0,0,-1,0,0,0,0,0,0,0,0,0,-1,0
-1,0,-1,0,-1,0,-1,0,-1,-1,-1,0,-1,-1,-1,0,-1,0,-1,0,-1,-1,-1,0,-1,0,-1,-1,-1,0,-1,-1,-1,0,-1,0,-1,-1,-1,-1,-1,0,-1,-1,-1,0,-1,0,-1,0,-1,-1,-1,0,-1,-1,-1,-1,-1,-1,-1,0,-1,0,-1,0,-1,0,-1,0,-1,-1,-1,-1,-1,0,-1,0,-1,0,-1,0,-1,0,-1,-1,-1,0,-1,0,-1,-1,-1,-1,-1,-1,-1,-1,-1,0
-1,0,-1,0,-1,0,0,0,-1,0,-1,0,0,0,-1,0,0,0,-1,0,-1,0,0,0,-1,0,-1,0,0,0,0,0,0,0,-1,0,0,0,0,0,0,0,-1,0,-1,0,0,0,-1,0,0,0,-1,0,-1,0,0,0,0,0,-1,0,-1,0,-1,0,-1,0,0,0,0,0,-1,0,0,0,-1,0,0,0,-1,0,0,0,-1,0,-1,0,-1,0,-1,0,0,0,0,0,0,0,-1,0
-1,0,-1,0,-1,-1,-1,-1,-1,0,-1,-1,-1,0,-1,-1,-1,-1,-1,0,-1,0,-1,-1,-1,0,-1,-1,-1,-1,-1,-1,-1,-1,-1,-1,-1,-1,-1,-1,-1,-1,-1,0,-1,0,-1,-1,-1,-1,-1,0,-1,0,-1,-1,-1,0,-1,0,-1,0,-1,0,-1,0,-1,-1,-1,-1,-1,0,-1,0,-1,0,-1,-1,-1,0,-1,-1,-1,0,-1,0,-1,0,-1,0,-1,0,-1,-1,-1,-1,-1,0,-1,0
-1,0,-1,0,-1,0,0,0,0,0,-1,0,0,0,-1,0,0,0,-1,0,-1,0,-1,0,0,0,-1,0,0,0,0,0,0,0,0,0,-1,0,0,0,0,0,0,0,-1,0,0,0,-1,0,0,0,-1,0,-1,0,0,0,-1,0,0,0,-1,0,-1,0,0,0,-1,0,0,0,-1,0,-1,0,0,0,-1,0,-1,0,-1,0,-1,0,-1,0,0,0,-1,0,0,0,0,0,-1,0,0,0
-1,-1,-1,0,-1,0,-1,-1,-1,-1,-1,0,-1,-1,-1,0,-1,-1,-1,0,-1,0,-1,0,-1,0,-1,0,-1,-1,-1,-1,-1,0,-1,-1,-1,0,-1,0,-1,0,-1,-1,-1,-1,-1,0,-1,0,-1,-1,-1,0,-1,0,-1,-1,-1,-1,-1,-1,-1,-1,-1,-1,-1,0,-1,0,-1,-1,-1,0,-1,-1,-1,-1,-1,0,-1,0,-1,0,-1,0,-1,-1,-1,-1,-1,0,-1,-1,-1,0,-1,-1,-1,0
-1,0,0,0,-1,0,-1,0,0,0,-1,0,-1,0,0,0,0,0,0,0,0,0,-1,0,-1,0,-1,0,0,0,-1,0,-1,0,-1,0,0,0,-1,0,-1,0,-1,0,0,0,-1,0,-1,0,-1,0,0,0,-1,0,0,0,0,0,0,0,0,0,-1,0,0,0,-1,0,-1,0,0,0,-1,0,0,0,-1,0,0,0,-1,0,0,0,-1,0,0,0,-1,0,-1,0,0,0,-1,0,0,0
-1,0,-1,-1,-1,0,-1,0,-1,0,-1,0,-1,0,-1,-1,-1,-1,-1,-1,-1,-1,-1,0,-1,0,-1,-1,-1,0,-1,0,-1,0,-1,0,-1,-1,-1,0,-1,-1,-1,0,-1,0,-1,0,-1,0,-1,0,-1,-1,-1,D4,-1,-1,-1,-1,-1,-1,-1,0,-1,0,-1,-1,-1,-1,-1,0,-1,-1,-1,0,-1,0,-1,0,-1,-1,-1,-1,-1,0,-1,0,-1,0,-1,-1,-1,0,-1,-1,-1,0,-1,-1
-1,0,0,0,-1,0,0,0,-1,0,-1,0,-1,0,-1,0,0,0,0,0,-1,0,0,0,-1,0,0,0,-1,0,-1,0,-1,0,0,0,-1,0,0,0,-1,0,0,0,-1,0,0,0,-1,0,-1,0,-1,0,-1,0,-1,0,-1,0,0,0,-1,0,-1,0,-1,0,0,0,-1,0,0,0,0,0,-1,0,0,0,-1,0,0,0,-1,0,0,0,-1,0,-1,0,0,0,-1,0,0,0,0,0
-1,0,-1,0,-1,-1,-1,-1,-1,0,-1,0,-1,0,-1,0,-1,0,-1,-1,-1,0,-1,-1,-1,-1,-1,-1,-1,0,-1,0,-1,-1,-1,-1,-1,0,-1,-1,-1,0,-1,-1,-1,-1,-1,-1,-1,0,-1,0,-1,0,-1,0,-1,0,-1,0,-1,0,-1,0,-1,0,-1,0,-1,0,-1,0,-1,-1,-1,-1,-1,-1,-1,-1,-1,0,-1,0,-1,-1,-1,-1,-1,0,-1,0,-1,-1,-1,-1,-1,-1,-1,0
-1,0,-1,0,0,0,0,0,-1,0,0,0,-1,0,0,0,-1,0,-1,0,0,0,-1,0,0,0,0,0,-1,0,-1,0,0,0,0,0,-1,0,0,0,0,0,-1,0,-1,0,0,0,0,0,-1,0,-1,0,-1,0,0,0,-1,0,-1,0,0,0,-1,0,0,0,-1,0,-1,0,-1,0,-1,0,0,0,0,0,0,0,-1,0,0,0,0,0,-1,0,-1,0,-1,0,0,0,-1,0,0,0
-1,0,-1,-1,-1,-1,-1,0,-1,-1,-1,0,-1,-1,-1,-1,-1,0,-1,0,-1,-1,-1,0,-1,-1,-1,0,-1,0,-1,0,-1,-1,-1,0,-1,-1,-1,-1,-1,-1,-1,0,-1,0,-1,-1,-1,0,-1,0,-1,0,-1,0,-1,-1,-1,0,-1,-1,-1,-1,-1,-1,-1,-1,-1,0,-1,0,-1,0,-1,0,-1,-1,-1,-1,-1,-1,-1,-1,-1,-1,-1,0,-1,0,-1,0,-1,0,-1,0,-1,-1,-1,0
-1,0,0,0,0,0,-1,0,0,0,-1,0,0,0,0,0,-1,0,-1,0,-1,0,0,0,-1,0,-1,0,0,0,-1,0,-1,0,0,0,0,0,-1,0,0,0,0,0,-1,0,-1,0,-1,0,0,0,-1,0,-1,0,-1,0,0,0,-1,0,0,0,0,0,0,0,0,0,-1,0,0,0,-1,0,-1,0,0,0,0,0,0,0,-1,0,0,0,-1,0,-1,0,0,0,-1,0,0,0,-1,0
-1,-1,-1,-1,-1,0,-1,-1,-1,0,-1,-1,-1,-1,-1,0,-1,0,-1,0,-1,0,-1,-1,-1,0,-1,-1,-1,-1,-1,0,-1,-1,-1,-1,-1,-1,-1,0,-1,0,-1,-1,-1,0,-1,0,-1,-1,-1,-1,-1,0,-1,0,-1,0,-1,0,-1,0,-1,-1,-1,-1,-1,-1,-1,-1,-1,-1,-1,0,-1,0,-1,-1,-1,0,-1,-1,-1,0,-1,0,-1,-1,-1,0,-1,-1,-1,0,-1,-1,-1,0,-1,-1
-1,0,0,0,0,0,-1,0,0,0,-1,0,0,0,-1,0,-1,0,-1,0,-1,0,-1,0,0,0,0,0,0,0,-1,0,-1,0,0,0,0,0,0,0,-1,0,0,0,-1,0,-1,0,0,0,0,0,0,0,0,0,-1,0,-1,0,-1,0,0,0,-1,0,0,0,0,0,-1,0,0,0,-1,0,0,0,-1,0,0,0,-1,0,-1,0,0,0,-1,0,0,0,-1,0,0,0,-1,0,0,0
-1,0,-1,-1,-1,-1,-1,0,-1,-1,-1,-1,-1,0,-1,0,-1,-1,-1,0,-1,0,-1,-1,-1,-1,-1,0,-1,0,-1,0,-1,0,-1,-1,-1,-1,-1,-1,-1,-1,-1,0,-1,0,-1,0,-1,-1,-1,-1,-1,-1,-1,-1,-1,0,-1,-1,-1,-1,-1,0,-1,0,-1,-1,-1,0,-1,-1,-1,-1,-1,-1,-1,0,-1,-1,-1,0,-1,0,-1,-1,-1,0,-1,-1,-1,0,-1,-1,-1,-1,-1,-1,-1,0
-1,0,0,0,0,0,-1,0,0,0,0,0,-1,0,0,0,0,0,0,0,-1,0,-1,0,0,0,0,0,-1,0,0,0,-1,0,-1,0,0,0,0,0,-1,0,0,0,-1,0,-1,0,-1,0,0,0,-1,0,0,0,-1,0,0,0,0,0,-1,0,0,0,-1,0,0,0,-1,0,0,0,0,0,-1,0,-1,0,0,0,-1,0,-1,0,0,0,-1,0,-1,0,0,0,0,0,-1,0,0,0
-1,-1,-1,-1,-1,0,-1,-1,-1,-1,-1,0,-1,-1,-1,-1,-1,-1,-1,-1,-1,0,-1,0,-1,-1,-1,-1,-1,-1,-1,-1,-1,0,-1,-1,-1,0,-1,0,-1,0,-1,-1,-1,0,-1,-1,-1,0,-1,0,-1,0,-1,0,-1,-1,-1,-1,-1,0,-1,-1,-1,-1,-1,0,-1,0,-1,0,-1,0,-1,0,-1,0,-1,0,-1,0,-1,-1,-1,0,-1,0,-1,0,-1,-1,-1,-1,-1,0,-1,0,-1,0
-1,0,-1,0,0,0,-1,0,0,0,-1,0,0,0,0,0,-1,0,0,0,0,0,-1,0,0,0,0,0,0,0,0,0,0,0,0,0,0,0,-1,0,-1,0,-1,0,0,0,-1,0,0,0,-1,0,0,0,-1,0,0,0,-1,0,0,0,-1,0,0,0,-1,0,-1,0,-1,0,-1,0,-1,0,-1,0,-1,0,-1,0,-1,0,0,0,-1,0,-1,0,0,0,0,0,-1,0,0,0,-1,0
-1,0,-1,0,-1,-1,-1,0,-1,-1,-1,-1,-1,-1,-1,0,-1,0,-1,-1,-1,-1,-1,0,-1,-1,-1,-1,-1,-1,-1,-1,-1,-1,-1,-1,-1,-1,-1,-1,-1,0,-1,0,-1,-1,-1,0,-1,-1,-1,-1,-1,-1,-1,-1,-1,0,-1,0,-1,-1,-1,0,-1,0,-1,0,-1,0,-1,0,-1,0,-1,-1,-1,0,-1,0,-1,-1,-1,0,-1,-1,-1,0,-1,-1,-1,-1,-1,0,-1,-1,-1,-1,-1,0
-1,0,-1,0,-1,0,0,0,-1,0,0,0,-1,0,0,0,-1,0,0,0,-1,0,-1,0,0,0,-1,0,0,0,0,0,0,0,-1,0,0,0,0,0,0,0,-1,0,-1,K4,0,0,-1,0,-1,0,0,0,0,0,-1,0,-1,0,0,0,0,0,-1,0,-1,0,-1,0,-1,0,-1,0,0,0,0,0,0,0,-1,0,0,0,-1,0,0,0,-1,0,0,0,0,0,0,0,0,0,-1,0
-1,0,-1,0,-1,0,-1,-1,-1,0,-1,0,-1,0,-1,0,-1,-1,-1,0,-1,0,-1,-1,-1,0,-1,0,-1,-1,-1,-1,-1,0,-1,0,-1,-1,-1,-1,-1,0,-1,0,-1,-1,-1,0,-1,0,-1,0,-1,0,-1,-1,-1,0,-1,0,-1,-1,-1,-1,-1,0,-1,0,-1,0,-1,0,-1,-1,-1,-1,-1,-1,-1,-1,-1,0,-1,-1,-1,0,-1,-1,-1,0,-1,-1,-1,-1,-1,-1,-1,0,-1,0
-1,0,0,0,0,0,-1,0,0,0,-1,0,0,0,-1,0,-1,0,0,0,-1,0,0,0,-1,0,0,0,-1,0,-1,0,0,0,-1,0,0,0,0,0,-1,0,-1,0,0,0,0,0,-1,0,-1,0,-1,0,-1,0,K5,0,-1,0,-1,0,0,0,0,0,-1,0,-1,0,-1,0,0,0,-1,0,-1,0,0,0,0,0,-1,0,0,0,-1,0,0,0,-1,0,0,0,0,0,-1,0,-1,0
-1,0,-1,-1,-1,-1,-1,0,-1,-1,-1,-1,-1,-1,-1,0,-1,0,-1,-1,-1,0,-1,-1,-1,-1,-1,-1,-1,0,-1,0,-1,-1,-1,-1,-1,-1,-1,0,-1,0,-1,-1,-1,-1,-1,-1,-1,0,-1,0,-1,0,-1,0,-1,-1,-1,-1,-1,0,-1,-1,-1,0,-1,0,-1,-1,-1,-1,-1,0,-1,0,-1,0,-1,-1,-1,-1,-1,0,-1,-1,-1,0,-1,-1,-1,0,-1,-1,-1,0,-1,0,-1,0
-1,0,0,0,-1,0,0,0,-1,0,-1,0,0,0,-1,0,-1,0,-1,0,0,0,-1,0,0,0,0,0,0,0,-1,0,0,0,0,0,0,0,-1,0,-1,0,0,0,0,0,0,0,0,0,-1,0,-1,0,0,0,-1,0,0,0,-1,0,0,0,-1,0,-1,0,0,0,0,0,-1,0,0,0,-1,0,-1,0,0,0,-1,0,-1,0,0,0,-1,0,0,0,-1,0,-1,0,0,0,-1,0
-1,-1,-1,0,-1,0,-1,-1,-1,0,-1,0,-1,0,-1,0,-1,0,-1,0,-1,0,-1,0,-1,-1,-1,-1,-1,0,-1,-1,-1,0,-1,-1,-1,-1,-1,0,-1,-1,-1,-1,-1,-1,-1,-1,-1,0,-1,0,-1,-1,-1,-1,-1,0,-1,0,-1,-1,-1,0,-1,0,-1,-1,-1,-1,-1,0,-1,0,-1,-1,-1,0,-1,0,-1,-1,-1,0,-1,0,-1,-1,-1,-1,-1,0,-1,0,-1,-1,-1,-1,-1,0
-1,0,0,0,-1,0,-1,0,0,0,0,0,-1,0,0,0,-1,0,-1,0,-1,0,0,0,-1,0,0,0,-1,0,0,0,-1,0,-1,0,0,0,0,0,-1,0,0,0,0,0,0,0,0,0,-1,0,-1,0,0,0,0,0,-1,0,0,0,0,0,-1,0,-1,0,0,0,-1,0,0,0,-1,0,0,0,-1,0,0,0,0,0,-1,0,0,0,0,0,-1,0,0,0,-1,0,-1,0,0,0
-1,0,-1,-1,-1,0,-1,0,-1,-1,-1,-1,-1,-1,-1,-1,-1,0,-1,-1,-1,-1,-1,-1,-1,0,-1,0,-1,-1,-1,0,-1,0,-1,0,-1,-1,-1,-1,-1,0,-1,-1,-1,-1,-1,-1,-1,-1,-1,0,-1,0,-1,-1,-1,-1,-1,-1,-1,-1,-1,-1,-1,-1,-1,0,-1,0,-1,-1,-1,-1,-1,0,-1,0,-1,-1,-1,-1,-1,0,-1,-1,-1,-1,-1,0,-1,-1,-1,0,-1,0,-1,0,-1,-1
-1,0,-1,0,0,0,-1,0,0,0,0,0,0,0,0,0,-1,0,0,0,-1,0,0,0,0,0,-1,0,0,0,-1,0,-1,0,-1,0,0,0,-1,0,-1,0,-1,0,0,0,0,0,0,0,0,0,-1,0,0,0,-1,0,0,0,0,0,0,0,0,0,0,0,-1,0,0,0,0,0,0,0,-1,0,-1,0,0,0,-1,0,0,0,0,0,0,0,-1,0,0,0,0,0,-1,0,-1,0
-1,-1,-1,0,-1,-1,-1,-1,-1,-1,-1,0,-1,-1,-1,-1,-1,-1,-1,0,-1,0,-1,-1,-1,-1,-1,-1,-1,0,-1,0,-1,0,-1,-1,-1,0,-1,0,-1,0,-1,0,-1,-1,-1,-1,-1,-1,-1,-1,-1,-1,-1,0,-1,0,-1,0,-1,-1,-1,-1,-1,-1,-1,-1,-1,-1,-1,0,-1,-1,-1,-1,-1,-1,-1,0,-1,0,-1,-1,-1,-1,-1,-1,-1,-1,-1,-1,-1,-1,-1,-1,-1,0,-1,0
-1,0,0,0,-1,0,0,0,0,0,-1,0,-1,0,0,0,0,0,-1,0,0,0,-1,0,0,0,0,0,-1,0,-1,0,-1,0,0,0,-1,0,-1,0,0,0,-1,0,-1,0,0,0,0,0,0,0,-1,0,0,0,-1,0,-1,0,-1,0,0,0,0,0,0,0,-1,0,-1,0,-1,0,0,0,0,0,0,0,-1,0,-1,0,0,0,0,0,0,0,0,0,0,0,0,0,0,0,-1,0
-1,0,-1,-1,-1,0,-1,-1,-1,0,-1,0,-1,0,-1,0,-1,-1,-1,-1,-1,-1,-1,0,-1,-1,-1,-1,-1,0,-1,0,-1,0,-1,-1,-1,0,-1,0,-1,-1,-1,0,-1,0,-1,-1,-1,0,-1,0,-1,0,-1,-1,-1,0,-1,-1,-1,0,-1,-1,-1,-1,-1,0,-1,0,-1,0,-1,0,-1,-1,-1,-1,-1,-1,-1,0,-1,0,-1,-1,-1,-1,-1,-1,-1,-1,-1,-1,-1,-1,-1,-1,-1,0
-1,0,-1,0,0,0,0,0,-1,0,-1,0,-1,0,-1,0,0,0,0,0,0,0,0,0,-1,0,0,0,0,0,-1,0,-1,0,-1,0,0,0,-1,0,-1,0,0,0,-1,0,-1,0,-1,0,-1,0,-1,0,0,0,-1,0,-1,0,0,0,-1,0,0,0,-1,0,-1,0,0,0,-1,0,0,0,0,0,-1,0,-1,0,-1,0,0,0,0,0,0,0,0,0,0,0,-1,0,0,0,0,0
-1,0,-1,-1,-1,-1,-1,0,-1,-1,-1,0,-1,0,-1,-1,-1,-1,-1,0,-1,-1,-1,-1,-1,0,-1,-1,-1,-1,-1,0,-1,0,-1,0,-1,-1,-1,-1,-1,0,-1,-1,-1,0,-1,0,-1,0,-1,0,-1,-1,-1,0,-1,0,-1,0,-1,-1,-1,0,-1,-1,-1,0,-1,0,-1,-1,-1,-1,-1,-1,-1,0,-1,0,-1,0,-1,-1,-1,-1,-1,-1,-1,-1,-1,-1,-1,0,-1,0,-1,0,-1,-1
-1,0,0,0,0,0,-1,0,0,0,0,0,-1,0,0,0,-1,0,0,0,-1,0,0,0,-1,0,-1,0,0,0,0,0,0,0,-1,0,-1,0,0,0,0,0,-1,0,0,0,0,0,-1,0,-1,0,0,0,-1,0,-1,0,-1,0,0,0,0,0,-1,0,0,0,-1,0,-1,0,0,0,0,0,-1,0,0,0,-1,0,0,0,0,0,0,0,0,0,-1,0,-1,0,-1,0,-1,0,0,0
-1,-1,-1,-1,-1,0,-1,0,-1,-1,-1,-1,-1,-1,-1,0,-1,0,-1,-1,-1,0,-1,0,-1,0,-1,0,-1,-1,-1,-1,-1,-1,-1,0,-1,0,-1,-1,-1,-1,-1,-1,-1,-1,-1,-1,-1,0,-1,-1,-1,0,-1,0,-1,0,-1,-1,-1,-1,-1,0,-1,0,-1,-1,-1,-1,-1,0,-1,-1,-1,0,-1,-1,-1,0,-1,-1,-1,-1,-1,0,-1,0,-1,0,-1,0,-1,0,-1,0,-1,-1,-1,0
-1,0,0,0,0,0,-1,0,-1,0,0,0,0,0,-1,0,-1,0,0,0,0,0,-1,0,0,0,-1,0,0,0,-1,0,0,0,0,0,-1,0,-1,0,0,0,0,0,0,0,0,0,0,0,-1,0,-1,0,-1,0,-1,0,0,0,0,0,-1,0,-1,0,0,0,0,0,0,0,-1,0,-1,0,0,0,0,0,-1,0,0,0,-1,0,-1,0,-1,0,0,0,-1,0,-1,0,-1,0,0,0
-1,0,-1,0,-1,-1,-1,-1,-1,0,-1,-1,-1,0,-1,0,-1,-1,-1,-1,-1,-1,-1,-1,-1,-1,-1,-1,-1,-1,-1,0,-1,-1,-1,0,-1,0,-1,-1,-1,0,-1,-1,-1,0,-1,-1,-1,-1,-1,0,-1,0,-1,0,-1,0,-1,-1,-1,-1,-1,0,-1,-1,-1,-1,-1,-1,-1,-1,-1,0,-1,-1,-1,-1,-1,-1,-1,0,-1,0,-1,-1,-1,0,-1,-1,-1,0,-1,0,-1,0,-1,0,-1,-1
-1,0,-1,0,-1,0,0,0,0,0,-1,0,-1,0,0,0,-1,0,-1,0,0,0,-1,0,0,0,0,0,0,0,0,0,-1,0,0,0,-1,0,0,0,-1,0,-1,0,-1,0,-1,0,0,0,-1,0,0,0,0,0,-1,0,0,0,0,0,0,0,-1,0,0,0,0,0,0,0,D8,0,-1,0,0,0,0,0,-1,0,-1,0,0,0,-1,0,0,0,-1,0,-1,0,-1,0,-1,0,0,0
-1,0,-1,-1,-1,0,-1,-1,-1,-1,-1,0,-1,-1,-1,-1,-1,0,-1,0,-1,0,-1,0,-1,-1,-1,0,-1,-1,-1,-1,-1,-1,-1,-1,-1,-1,-1,0,-1,0,-1,0,-1,0,-1,0,-1,0,-1,0,-1,-1,-1,-1,-1,-1,-1,-1,-1,-1,-1,-1,-1,0,-1,0,-1,-1,-1,-1,-1,0,-1,-1,-1,-1,-1,0,-1,0,-1,-1,-1,0,-1,-1,-1,0,-1,-1,-1,0,-1,-1,-1,0,-1,0
-1,0,-1,0,0,0,-1,0,0,0,-1,0,0,0,0,0,-1,0,-1,0,-1,0,0,0,0,0,-1,0,0,0,0,0,0,0,0,0,-1,0,0,0,-1,0,-1,0,0,0,-1,0,-1,0,-1,0,-1,K7,0,0,-1,0,0,0,0,0,-1,0,0,0,-1,0,0,0,0,0,-1,0,-1,0,0,0,0,0,-1,0,-1,0,0,0,0,0,-1,K8,0,0,-1,0,0,0,-1,0,-1,0
-1,0,-1,0,-1,-1,-1,0,-1,0,-1,-1,-1,0,-1,0,-1,0,-1,0,-1,-1,-1,-1,-1,-1,-1,-1,-1,-1,-1,0,-1,-1,-1,0,-1,0,-1,-1,-1,0,-1,-1,-1,0,-1,0,-1,0,-1,-1,-1,0,-1,0,-1,0,-1,0,-1,0,-1,-1,-1,-1,-1,-1,-1,-1,-1,0,-1,0,-1,0,-1,-1,-1,0,-1,0,-1,-1,-1,-1,-1,0,-1,-1,-1,0,-1,-1,-1,0,-1,-1,-1,0
-1,0,0,0,-1,0,0,0,-1,0,0,0,0,0,-1,0,0,0,-1,0,0,0,0,0,-1,0,0,0,0,0,-1,0,-1,0,0,0,-1,0,-1,0,-1,0,0,0,-1,0,-1,0,-1,0,0,0,-1,0,-1,0,0,0,-1,0,-1,0,0,0,0,0,0,0,0,0,0,0,-1,0,0,0,-1,0,0,K6,-1,0,0,0,0,0,-1,0,0,0,-1,0,0,0,-1,0,-1,0,0,0
-1,-1,-1,-1,-1,0,-1,-1,-1,-1,-1,-1,-1,-1,-1,0,-1,-1,-1,-1,-1,-1,-1,0,-1,0,-1,-1,-1,0,-1,-1,-1,0,-1,0,-1,0,-1,0,-1,0,-1,0,-1,0,-1,0,-1,-1,-1,0,-1,0,-1,-1,-1,-1,-1,0,-1,-1,-1,-1,-1,-1,-1,-1,-1,-1,-1,0,-1,-1,-1,-1,-1,-1,-1,-1,-1,0,-1,-1,-1,0,-1,-1,-1,0,-1,0,-1,0,-1,0,-1,0,-1,-1
-1,0,0,0,0,0,-1,0,0,0,0,0,0,0,0,0,-1,0,0,0,0,0,0,0,-1,0,-1,0,0,0,0,0,0,0,-1,0,-1,0,-1,0,0,0,-1,0,-1,0,-1,0,-1,0,-1,0,0,0,-1,0,0,0,-1,0,0,0,0,0,0,0,-1,0,-1,0,0,0,-1,0,0,0,0,0,0,0,-1,0,0,0,-1,0,-1,0,-1,0,-1,0,-1,0,-1,0,-1,0,0,0
-1,0,-1,-1,-1,-1,-1,-1,-1,-1,-1,-1,-1,-1,-1,-1,-1,0,-1,-1,-1,-1,-1,-1,-1,0,-1,-1,-1,-1,-1,-1,-1,0,-1,-1,-1,0,-1,0,-1,-1,-1,0,-1,-1,-1,0,-1,0,-1,-1,-1,-1,-1,-1,-1,0,-1,-1,-1,-1,-1,0,-1,0,-1,0,-1,0,-1,-1,-1,0,-1,-1,-1,-1,-1,0,-1,-1,-1,-1,-1,0,-1,0,-1,0,-1,0,-1,0,-1,0,-1,0,-1,0
-1,0,-1,0,0,0,0,0,0,0,0,0,-1,0,0,0,-1,0,-1,0,0,0,-1,0,-1,0,0,0,0,0,0,0,-1,0,-1,0,0,0,-1,0,0,0,-1,0,0,0,0,0,-1,0,0,0,0,0,0,0,-1,D5,-1,0,0,0,-1,0,-1,0,-1,0,0,0,0,0,-1,0,-1,0,0,0,-1,0,-1,0,0,0,0,0,-1,0,-1,0,0,0,-1,0,-1,0,-1,0,-1,0
-1,0,-1,0,-1,-1,-1,-1,-1,-1,-1,0,-1,0,-1,0,-1,0,-1,0,-1,0,-1,0,-1,-1,-1,-1,-1,-1,-1,0,-1,-1,-1,0,-1,-1,-1,0,-1,-1,-1,-1,-1,0,-1,-1,-1,-1,-1,-1,-1,0,-1,0,-1,0,-1,0,-1,0,-1,-1,-1,0,-1,-1,-1,-1,-1,0,-1,0,-1,0,-1,0,-1,0,-1,0,-1,-1,-1,-1,-1,0,-1,-1,-1,-1,-1,0,-1,0,-1,-1,-1,0
-1,0,0,0,-1,0,0,0,0,0,-1,0,0,0,-1,0,0,0,-1,0,-1,0,-1,0,0,0,-1,0,0,0,-1,0,0,0,-1,0,-1,0,0,0,-1,0,0,0,-1,0,0,D7,0,0,0,0,-1,0,-1,D10,0,0,-1,0,-1,0,0,0,-1,0,0,0,0,0,-1,0,-1,0,-1,0,-1,0,0,0,0,0,-1,0,0,0,0,0,-1,0,0,0,-1,0,-1,0,0,0,-1,0
-1,0,-1,-1,-1,0,-1,-1,-1,-1,-1,-1,-1,-1,-1,-1,-1,-1,-1,0,-1,0,-1,-1,-1,0,-1,0,-1,0,-1,-1,-1,0,-1,0,-1,-1,-1,-1,-1,0,-1,0,-1,-1,-1,-1,-1,-1,-1,0,-1,0,-1,-1,-1,-1,-1,0,-1,-1,-1,0,-1,-1,-1,-1,-1,0,-1,-1,-1,0,-1,0,-1,-1,-1,-1,-1,0,-1,-1,-1,-1,-1,0,-1,0,-1,0,-1,0,-1,-1,-1,0,-1,0
-1,0,0,0,-1,0,-1,0,0,0,0,0,0,0,0,0,-1,0,0,0,-1,0,0,0,0,0,-1,0,-1,0,0,0,0,0,-1,0,-1,0,0,0,-1,0,-1,0,0,0,-1,0,0,0,0,0,0,0,-1,0,0,0,-1,0,-1,0,-1,0,0,0,-1,0,0,0,-1,0,0,0,-1,0,-1,0,0,0,-1,0,-1,0,0,0,-1,0,0,0,-1,0,0,0,0,0,-1,0,-1,0
-1,-1,-1,0,-1,0,-1,0,-1,-1,-1,-1,-1,0,-1,0,-1,0,-1,0,-1,-1,-1,-1,-1,0,-1,0,-1,-1,-1,-1,-1,-1,-1,0,-1,0,-1,0,-1,0,-1,-1,-1,0,-1,0,-1,-1,-1,-1,-1,0,-1,K9,-1,0,-1,0,-1,0,-1,-1,-1,0,-1,0,-1,-1,-1,0,-1,-1,-1,-1,-1,0,-1,0,-1,0,-1,0,-1,0,-1,-1,-1,-1,-1,0,-1,-1,-1,-1,-1,0,-1,0
-1,0,-1,0,-1,0,0,0,-1,0,0,0,0,0,-1,0,-1,0,-1,0,0,0,-1,0,-1,0,-1,0,0,0,-1,0,0,0,-1,0,-1,0,-1,0,0,0,-1,0,-1,0,-1,0,-1,0,0,0,-1,0,-1,0,-1,0,0,0,-1,0,0,0,-1,0,-1,0,0,0,-1,0,0,0,0,0,0,0,-1,0,-1,0,-1,D6,-1,0,0,0,0,0,-1,0,-1,0,0,0,-1,0,0,0
-1,0,-1,0,-1,-1,-1,-1,-1,0,-1,-1,-1,-1,-1,0,-1,-1,-1,-1,-1,0,-1,0,-1,0,-1,-1,-1,0,-1,0,-1,0,-1,0,-1,0,-1,-1,-1,-1,-1,0,-1,0,-1,-1,-1,0,-1,0,-1,-1,-1,0,-1,-1,-1,-1,-1,0,-1,0,-1,0,-1,-1,-1,0,-1,-1,-1,-1,-1,-1,-1,-1,-1,0,-1,-1,-1,0,-1,-1,-1,-1,-1,0,-1,-1,-1,0,-1,0,-1,-1,-1,0
-1,0,0,0,0,0,0,0,0,0,-1,0,0,0,0,0,0,0,0,0,0,0,-1,0,0,0,0,0,-1,0,0,0,-1,0,0,0,0,0,-1,0,0,0,0,0,0,0,0,0,0,0,-1,0,0,0,0,0,-1,0,0,0,0,0,-1,0,0,0,D9,0,0,0,0,0,0,0,0,0,0,0,-1,0,0,0,0,0,0,0,0,0,-1,0,K10,0,0,0,-1,0,0,0,0,T1