46,46
[floor1]
0,0,0,0,0,0,0,0,0,0,0,0,0,0,0,0,0,0,0,0,0,0,0,0,0,0,0,0,0,0,0,0,0,0,0,0,0,0,0,0,0,0,0,0,0,0
0,0,0,0,0,0,0,0,0,0,0,0,0,0,0,0,0,0,0,0,0,0,0,0,0,0,0,0,0,0,0,0,0,0,0,0,0,0,0,0,0,0,0,0,0,0
0,0,-1,-1,-1,-1,-1,-1,-1,-1,-1,-1,-1,-1,-1,-1,-1,-1,D8,-1,-1,-1,-1,-1,-1,-1,-1,-1,-1,-1,-1,-1,-1,-1,-1,-1,-1,-1,-1,-1,-1,-1,-1,-1,0,0
0,0,-1,0,-1,-1,-1,-1,-1,-1,-1,-1,-1,-1,-1,-1,-1,0,0,0,0,0,0,0,0,0,0,0,0,0,0,0,0,0,0,0,0,0,0,0,0,0,UP,-1,0,0
0,0,-1,0,-1,-1,-1,-1,-1,-1,-1,-1,-1,-1,-1,-1,-1,0,0,0,0,0,0,0,0,0,0,0,0,0,0,0,0,0,0,0,0,0,0,0,0,0,0,-1,0,0
0,0,-1,0,-1,-1,-1,-1,-1,-1,-1,-1,-1,-1,-1,-1,-1,0,0,0,0,0,0,0,0,0,0,0,0,0,0,0,0,0,0,0,0,0,0,0,0,0,0,-1,0,0
0,0,-1,0,-1,-1,-1,-1,-1,-1,-1,-1,-1,-1,-1,-1,-1,-1,-1,0,0,0,0,0,0,0,0,0,0,0,0,0,0,0,0,0,0,0,0,0,0,0,0,-1,0,0
0,0,-1,0,-1,-1,-1,A1,0,0,0,0,0,0,0,K4,D1,0,0,0,0,0,0,0,0,0,-1,0,0,0,0,0,0,0,0,0,0,0,0,0,0,0,0,-1,0,0
0,0,-1,0,-1,-1,-1,0,-1,-1,-1,-1,-1,-1,-1,-1,-1,0,0,-1,0,0,0,0,0,0,0,0,0,0,0,-1,0,0,0,0,0,0,0,0,0,0,0,-1,0,0
0,0,-1,0,-1,-1,-1,0,-1,-1,-1,-1,-1,-1,-1,-1,-1,0,0,0,0,0,0,0,0,0,0,0,0,0,0,0,0,0,0,0,0,0,0,0,0,0,0,-1,0,0
0,0,-1,0,-1,-1,-1,0,-1,-1,-1,-1,-1,-1,-1,-1,-1,0,-1,0,0,0,0,0,0,0,0,0,0,0,0,0,0,0,0,0,0,0,0,0,0,0,0,-1,0,0
0,0,-1,0,-1,-1,-1,0,-1,-1,-1,-1,-1,-1,-1,-1,-1,0,0,0,0,0,0,0,0,0,0,0,0,0,0,0,0,0,0,0,0,0,0,0,0,0,0,-1,0,0
0,0,-1,0,-1,-1,-1,0,-1,-1,-1,-1,-1,-1,-1,-1,-1,0,0,0,0,0,0,0,0,0,0,0,0,0,0,0,0,0,0,0,0,0,0,0,0,0,0,-1,0,0
0,0,-1,0,-1,-1,-1,0,-1,-1,-1,-1,-1,-1,-1,-1,-1,-1,-1,-1,-1,-1,-1,-1,-1,-1,-1,-1,D7,-1,-1,-1,-1,-1,-1,-1,-1,-1,-1,-1,-1,-1,-1,-1,0,0
0,0,-1,0,-1,-1,-1,0,-1,-1,-1,-1,-1,-1,-1,-1,-1,0,0,0,0,0,0,0,0,0,0,0,0,0,0,0,0,0,0,0,0,0,0,0,0,0,0,-1,0,0
0,0,-1,0,-1,-1,-1,0,-1,-1,-1,-1,-1,-1,-1,-1,-1,0,0,0,0,0,0,0,0,0,0,0,0,0,0,0,0,0,0,0,0,0,0,0,0,0,0,-1,0,0
0,0,-1,0,-1,-1,-1,0,-1,-1,-1,-1,-1,-1,-1,-1,-1,0,0,0,0,0,0,0,0,0,0,0,0,0,0,0,0,0,0,0,0,0,0,0,0,0,0,-1,0,0
0,0,-1,0,-1,-1,-1,0,-1,-1,-1,-1,-1,-1,-1,-1,-1,0,0,0,0,0,0,0,0,0,0,0,0,0,0,0,0,0,0,0,0,0,0,0,0,0,0,-1,0,0
0,0,-1,0,-1,-1,-1,0,-1,-1,-1,-1,-1,-1,-1,-1,-1,0,0,0,0,0,0,0,0,0,0,0,0,0,0,0,0,0,0,0,0,0,0,0,0,0,0,-1,0,0
0,0,-1,0,-1,-1,-1,0,-1,-1,-1,-1,-1,-1,-1,-1,-1,0,0,0,0,0,0,-1,0,0,0,0,0,0,0,0,0,0,0,0,0,0,0,0,0,0,0,-1,0,0
0,0,-1,0,-1,-1,-1,0,-1,-1,-1,-1,-1,-1,-1,-1,-1,0,0,0,0,0,0,0,0,0,0,0,0,0,0,0,0,0,0,0,0,0,-1,0,0,0,0,-1,0,0
0,0,-1,0,-1,-1,-1,0,-1,-1,-1,-1,-1,-1,-1,-1,-1,0,0,-1,0,0,0,0,0,0,0,0,0,0,0,0,0,0,0,0,0,0,0,0,0,0,0,-1,0,0
0,0,-1,0,-1,-1,-1,0,-1,-1,-1,-1,-1,-1,-1,-1,-1,0,0,0,0,0,0,0,0,-1,0,0,0,0,0,0,0,0,0,0,0,0,0,0,0,0,0,-1,0,0
0,0,-1,0,-1,-1,-1,0,-1,-1,-1,-1,-1,-1,-1,-1,-1,0,0,0,0,0,0,0,0,0,0,0,0,0,0,0,0,0,0,0,0,0,0,0,0,0,0,-1,0,0
0,0,D10,K9,-1,-1,-1,0,-1,-1,-1,-1,-1,-1,-1,-1,-1,0,0,0,0,0,0,0,0,0,0,0,0,0,-1,0,0,0,0,0,0,0,0,0,0,0,0,-1,0,0
0,0,-1,0,-1,-1,-1,0,-1,-1,-1,-1,-1,-1,-1,-1,-1,0,0,0,0,0,0,0,-1,0,0,-1,0,0,0,-1,0,0,0,0,0,0,0,0,0,0,0,-1,0,0
0,0,-1,0,-1,-1,-1,0,-1,-1,-1,-1,-1,-1,-1,-1,-1,0,0,0,0,0,0,0,0,0,0,0,0,0,0,0,0,-1,0,0,0,0,0,0,0,0,0,-1,0,0
0,0,-1,0,-1,-1,-1,0,-1,-1,-1,-1,-1,-1,-1,-1,-1,0,-1,0,0,-1,0,0,0,0,0,0,-1,0,0,0,0,0,0,0,0,0,0,0,0,0,0,-1,0,0
0,0,-1,0,-1,-1,-1,0,-1,-1,-1,-1,-1,-1,-1,-1,-1,0,0,0,0,0,0,0,-1,0,0,0,0,0,0,0,0,0,0,0,0,0,0,0,0,0,0,-1,0,0
0,0,-1,0,-1,-1,-1,0,-1,-1,-1,-1,-1,-1,-1,-1,-1,0,0,0,0,0,-1,0,0,0,0,0,0,0,0,0,0,0,0,0,0,0,0,0,0,0,0,-1,0,0
0,0,-1,0,-1,K3,D4,0,0,0,0,0,0,D3,K2,-1,-1,0,0,0,0,0,0,0,0,0,0,0,0,0,0,0,0,0,0,0,0,-1,0,0,0,0,0,-1,0,0
0,0,-1,0,-1,-1,-1,0,-1,-1,-1,-1,-1,-1,-1,-1,-1,0,0,0,0,0,0,0,0,0,0,0,0,0,0,0,0,0,0,0,0,0,0,0,0,0,0,-1,0,0
0,0,-1,0,-1,-1,-1,0,-1,-1,-1,-1,-1,-1,-1,-1,-1,0,0,0,0,0,0,0,0,0,0,0,0,0,0,0,0,0,0,0,0,0,0,0,0,0,0,-1,0,0
0,0,-1,0,-1,-1,-1,0,-1,-1,-1,-1,-1,-1,-1,-1,-1,0,0,0,0,0,0,0,0,0,0,-1,0,0,0,0,0,0,0,0,0,0,0,0,0,0,0,-1,0,0
0,0,-1,0,-1,-1,-1,0,-1,-1,-1,-1,-1,-1,-1,-1,-1,0,0,0,0,0,0,0,K8,0,0,0,0,0,0,0,0,0,0,0,0,0,0,0,0,0,0,-1,0,0
0,0,-1,0,-1,-1,-1,0,-1,-1,-1,-1,-1,-1,-1,-1,-1,0,0,0,0,0,0,0,0,0,0,0,0,0,0,0,0,0,0,0,0,0,0,0,0,0,0,-1,0,0
0,0,-1,0,-1,-1,-1,0,-1,-1,-1,-1,-1,-1,-1,-1,-1,0,0,0,0,0,0,0,0,0,0,0,0,0,0,0,0,-1,-1,-1,-1,-1,-1,-1,-1,-1,-1,-1,0,0
0,0,-1,0,-1,-1,-1,0,-1,-1,-1,-1,-1,-1,-1,-1,-1,0,0,0,0,0,0,0,-1,0,0,0,0,0,0,0,0,-1,0,D9,T1,-1,0,0,0,0,0,-1,0,0
0,0,-1,0,-1,-1,-1,D2,-1,-1,-1,-1,-1,-1,-1,-1,-1,0,0,0,0,0,0,0,0,0,0,0,0,0,0,0,-1,0,0,D9,-1,-1,0,0,0,0,0,-1,0,0
0,0,-1,0,-1,-1,-1,K1,-1,-1,-1,-1,-1,-1,-1,-1,-1,0,0,0,0,0,0,0,0,0,0,0,0,0,0,0,-1,-1,-1,D6,-1,-1,-1,-1,-1,-1,-1,-1,0,0
0,0,-1,0,-1,-1,-1,D5,-1,-1,-1,-1,-1,-1,-1,-1,-1,0,0,0,0,0,0,0,0,0,0,0,0,0,0,0,0,0,0,0,0,0,0,0,0,0,0,-1,0,0
0,0,-1,0,-1,-1,-1,0,-1,-1,-1,-1,-1,-1,-1,-1,-1,0,0,0,0,-1,0,0,0,0,0,0,0,-1,0,0,0,0,0,0,0,0,0,0,0,-1,0,-1,0,0
0,0,-1,0,-1,-1,-1,K6,-1,-1,-1,-1,-1,-1,-1,-1,-1,0,0,0,0,0,0,0,0,0,0,0,0,0,0,0,0,0,0,0,0,0,0,0,0,-1,0,-1,0,0
0,0,-1,-1,-1,-1,-1,-1,-1,-1,-1,-1,-1,-1,-1,-1,-1,-1,-1,-1,-1,-1,-1,-1,-1,-1,-1,-1,-1,-1,-1,-1,-1,-1,-1,-1,-1,-1,-1,-1,-1,-1,-1,-1,0,0
0,0,0,0,0,0,0,0,0,0,0,0,0,0,0,0,0,0,0,0,0,0,0,0,0,0,0,0,0,0,0,K10,0,0,0,0,0,0,0,0,0,0,0,0,0,0
0,0,0,0,0,0,0,0,0,0,0,0,0,0,0,0,0,0,0,0,0,0,0,0,0,0,0,0,0,0,0,0,0,0,0,0,0,0,0,0,0,0,0,0,0,0
[floor2]
0,0,0,0,0,0,0,0,0,0,0,0,0,0,0,0,0,0,0,0,0,0,0,0,0,0,0,0,0,0,0,0,0,0,0,0,0,0,0,0,0,0,0,0,0,0
0,0,0,0,0,0,0,0,0,0,0,0,0,0,0,0,0,0,0,0,0,0,0,0,0,0,0,0,0,0,0,0,0,0,0,0,0,0,0,0,0,0,0,0,0,0
0,0,-1,-1,-1,-1,-1,-1,-1,-1,-1,-1,-1,-1,-1,-1,-1,-1,-1,-1,-1,-1,-1,-1,-1,-1,-1,-1,-1,-1,-1,-1,-1,-1,-1,-1,-1,-1,-1,-1,-1,-1,-1,-1,0,0
0,0,-1,-1,-1,-1,-1,-1,-1,-1,-1,-1,-1,-1,-1,-1,-1,-1,-1,-1,-1,-1,-1,-1,-1,-1,-1,-1,-1,-1,-1,-1,-1,-1,-1,-1,-1,-1,-1,-1,-1,-1,0,-1,0,0
0,0,-1,0,0,0,0,0,0,0,0,0,0,0,0,-1,0,0,0,-1,0,0,0,0,0,0,0,0,0,-1,K7,0,0,0,0,0,0,0,0,0,0,0,0,-1,0,0
0,0,-1,-1,0,-1,-1,-1,-1,-1,-1,-1,0,-1,-1,-1,0,-1,0,-1,0,-1,-1,-1,-1,-1,-1,-1,0,-1,0,-1,-1,-1,-1,-1,0,-1,-1,-1,-1,-1,0,-1,0,0
0,0,-1,-1,0,0,0,-1,0,-1,0,0,0,-1,0,0,0,-1,0,0,0,-1,0,0,0,0,0,-1,0,0,0,0,0,0,0,-1,0,0,0,-1,0,0,0,-1,0,0
0,0,-1,-1,-1,-1,0,-1,0,-1,0,-1,-1,-1,0,-1,-1,-1,-1,-1,-1,-1,-1,-1,-1,-1,0,-1,-1,-1,-1,-1,0,-1,0,-1,-1,-1,0,-1,0,-1,-1,-1,0,0
0,0,-1,-1,0,0,0,-1,0,-1,0,0,0,-1,0,0,0,-1,0,0,0,0,0,0,0,0,0,0,0,0,0,-1,0,-1,0,0,0,0,0,-1,0,0,0,-1,0,0
0,0,-1,-1,0,-1,-1,-1,0,-1,-1,-1,0,-1,-1,-1,0,-1,0,-1,-1,-1,0,-1,-1,-1,-1,-1,-1,-1,0,-1,0,-1,0,-1,-1,-1,-1,-1,-1,-1,0,-1,0,0
0,0,-1,-1,0,0,0,0,0,-1,0,0,0,0,0,-1,0,-1,0,0,0,-1,0,-1,0,0,0,-1,0,0,0,-1,0,-1,0,-1,0,0,0,0,0,0,0,-1,0,0
0,0,-1,-1,-1,-1,-1,-1,-1,-1,0,-1,-1,-1,0,-1,0,-1,0,-1,0,-1,-1,-1,0,-1,0,-1,0,-1,-1,-1,0,-1,0,-1,0,-1,0,-1,-1,-1,0,-1,0,0
0,0,-1,-1,0,0,0,0,0,-1,0,0,0,-1,0,-1,0,-1,0,-1,0,-1,0,0,0,-1,0,0,0,-1,0,0,0,-1,0,-1,0,-1,0,0,0,-1,0,-1,0,0
0,0,-1,-1,0,-1,-1,-1,0,-1,-1,-1,0,-1,0,-1,0,-1,-1,-1,0,-1,0,-1,-1,-1,-1,-1,0,-1,0,-1,-1,-1,-1,-1,0,-1,-1,-1,0,-1,0,-1,0,0
0,0,-1,-1,0,-1,0,0,0,-1,0,0,0,-1,0,-1,0,-1,0,0,0,-1,0,-1,0,0,0,-1,0,-1,0,0,0,0,0,0,0,-1,0,-1,0,-1,0,-1,0,0
0,0,-1,-1,0,-1,0,-1,-1,-1,0,-1,-1,-1,-1,-1,0,-1,0,-1,-1,-1,0,-1,-1,-1,0,-1,0,-1,-1,-1,0,-1,0,-1,-1,-1,0,-1,0,-1,0,-1,0,0
0,0,-1,-1,0,-1,0,0,0,0,0,-1,0,0,0,0,0,-1,UP,0,0,-1,0,0,0,-1,0,-1,0,0,0,0,0,-1,0,0,0,0,0,-1,0,-1,0,-1,0,0
0,0,-1,-1,0,-1,-1,-1,-1,-1,0,-1,0,-1,-1,-1,-1,-1,-1,-1,0,-1,-1,-1,0,-1,0,-1,-1,-1,-1,-1,0,-1,-1,-1,-1,-1,0,-1,0,-1,-1,-1,0,0
0,0,-1,-1,0,0,0,0,0,-1,0,-1,0,0,0,0,0,0,0,-1,0,-1,0,0,0,0,D8,DO,0,0,0,-1,0,0,0,-1,0,0,0,-1,0,0,0,-1,0,0
0,0,-1,-1,0,-1,-1,-1,0,-1,0,-1,0,-1,-1,-1,-1,-1,0,-1,0,-1,0,-1,-1,-1,0,-1,0,-1,-1,-1,-1,-1,0,-1,0,-1,-1,-1,-1,-1,0,-1,0,0
0,0,-1,-1,0,0,0,-1,0,-1,0,0,0,0,0,0,0,0,0,0,0,-1,0,-1,0,0,0,-1,0,0,0,-1,0,0,0,-1,0,0,0,0,0,0,0,-1,0,0
0,0,-1,-1,-1,-1,0,-1,0,-1,-1,-1,0,-1,-1,-1,-1,-1,-1,-1,-1,-1,0,-1,0,-1,-1,-1,-1,-1,0,-1,0,-1,-1,-1,-1,-1,-1,-1,0,-1,0,-1,0,0
0,0,-1,-1,0,-1,0,-1,0,-1,0,0,0,-1,0,0,0,-1,0,0,0,0,0,-1,0,0,0,0,0,-1,0,-1,0,0,0,0,0,-1,0,0,0,-1,0,-1,0,0
0,0,-1,-1,0,-1,0,-1,0,-1,0,-1,-1,-1,0,-1,-1,-1,0,-1,-1,-1,-1,-1,-1,-1,-1,-1,-1,-1,0,-1,-1,-1,-1,-1,0,-1,0,-1,-1,-1,0,-1,0,0
0,0,-1,-1,0,0,0,-1,0,0,0,-1,0,0,0,0,0,-1,0,0,0,0,0,-1,0,0,0,0,0,-1,0,0,0,0,0,-1,0,-1,0,-1,0,0,0,-1,0,0
0,0,-1,-1,-1,-1,-1,-1,0,-1,-1,-1,-1,-1,-1,-1,0,-1,-1,-1,-1,-1,0,-1,0,-1,-1,-1,0,-1,0,-1,0,-1,-1,-1,0,-1,0,-1,-1,-1,-1,-1,0,0
0,0,-1,-1,0,0,0,-1,0,0,0,0,0,0,0,0,0,0,0,0,0,-1,0,0,0,-1,0,0,0,-1,0,-1,0,0,0,0,0,-1,0,0,0,0,0,-1,0,0
0,0,-1,-1,0,-1,0,-1,-1,-1,-1,-1,0,-1,-1,-1,-1,-1,-1,-1,0,-1,-1,-1,-1,-1,0,-1,-1,-1,0,-1,-1,-1,-1,-1,-1,-1,0,-1,-1,-1,0,-1,0,0
0,0,-1,-1,0,-1,0,0,0,-1,0,0,0,-1,0,0,0,-1,0,0,0,-1,0,0,0,0,0,-1,0,0,0,-1,0,0,0,0,0,0,0,-1,0,0,0,-1,0,0
0,0,-1,-1,0,-1,-1,-1,0,-1,-1,-1,-1,-1,0,-1,0,-1,-1,-1,0,-1,0,-1,-1,-1,-1,-1,0,-1,-1,-1,0,-1,-1,-1,-1,-1,-1,-1,0,-1,-1,-1,0,0
0,0,-1,-1,0,-1,0,-1,0,0,0,0,0,0,0,-1,0,0,0,-1,0,-1,0,-1,0,0,0,-1,0,-1,0,-1,0,-1,0,0,0,0,0,-1,0,0,0,-1,0,0
0,0,-1,-1,0,-1,0,-1,0,-1,-1,-1,-1,-1,-1,-1,-1,-1,0,-1,0,-1,0,-1,-1,-1,0,-1,0,-1,0,-1,0,-1,0,-1,0,-1,-1,-1,-1,-1,0,-1,0,0
0,0,-1,-1,0,-1,0,0,0,-1,0,0,0,-1,0,0,UP,0,0,-1,0,-1,0,-1,0,0,0,-1,0,-1,0,-1,0,-1,0,-1,0,0,0,-1,0,0,0,-1,0,0
0,0,-1,-1,0,-1,-1,-1,-1,-1,0,-1,0,-1,-1,-1,0,-1,-1,-1,0,-1,0,-1,0,-1,-1,-1,0,-1,0,-1,0,-1,-1,-1,0,-1,0,-1,0,-1,-1,-1,0,0
0,0,-1,-1,0,0,0,0,0,0,0,-1,0,0,0,-1,0,0,0,0,0,0,0,-1,0,0,0,0,0,-1,0,0,0,0,0,-1,0,-1,0,-1,0,0,0,-1,0,0
0,0,-1,-1,0,-1,-1,-1,-1,-1,-1,-1,-1,-1,0,-1,-1,-1,-1,-1,-1,-1,-1,-1,0,-1,-1,-1,-1,-1,-1,-1,-1,-1,0,-1,-1,-1,0,-1,-1,-1,0,-1,0,0
0,0,-1,-1,0,0,0,0,0,0,0,0,0,0,0,0,0,-1,0,0,0,0,0,-1,0,0,0,0,0,0,0,-1,0,0,0,0,0,0,0,-1,0,0,0,-1,0,0
0,0,-1,-1,0,-1,-1,-1,-1,-1,-1,-1,0,-1,-1,-1,0,-1,0,-1,-1,-1,0,-1,-1,-1,-1,-1,-1,-1,0,-1,0,-1,0,-1,-1,-1,0,-1,0,-1,0,-1,0,0
0,0,-1,-1,0,0,0,-1,0,0,0,-1,0,-1,0,0,0,-1,0,0,0,-1,0,0,0,0,0,0,0,-1,0,-1,0,-1,0,0,0,-1,0,0,0,-1,0,-1,0,0
0,0,-1,-1,0,-1,0,-1,0,-1,0,-1,0,-1,0,-1,-1,-1,-1,-1,0,-1,-1,-1,-1,-1,-1,-1,0,-1,0,-1,0,-1,0,-1,0,-1,-1,-1,0,-1,0,-1,0,0
0,0,-1,-1,0,-1,0,-1,0,-1,0,0,0,0,0,-1,0,0,0,-1,0,-1,0,0,0,0,0,-1,0,0,0,-1,0,-1,0,-1,0,0,0,-1,0,-1,0,-1,0,0
0,0,-1,-1,0,-1,0,-1,-1,-1,-1,-1,-1,-1,-1,-1,0,-1,0,-1,-1,-1,0,-1,-1,-1,0,-1,0,-1,-1,-1,-1,-1,0,-1,-1,-1,0,-1,0,-1,0,-1,0,0
0,0,-1,-1,0,-1,0,0,0,0,0,0,0,0,0,0,0,-1,0,0,0,0,0,0,0,-1,0,-1,0,0,0,0,0,0,0,-1,0,0,0,0,0,0,0,-1,0,0
0,0,-1,-1,-1,-1,-1,-1,-1,-1,-1,-1,-1,-1,-1,-1,-1,-1,-1,-1,-1,-1,-1,-1,-1,-1,-1,-1,-1,-1,-1,-1,-1,-1,-1,-1,-1,-1,-1,-1,-1,-1,-1,-1,0,0
0,0,0,0,0,0,0,0,0,0,0,0,0,0,0,0,0,0,0,0,0,0,0,0,0,0,0,0,0,0,0,0,0,0,0,0,0,0,0,0,0,0,0,0,0,0
0,0,0,0,0,0,0,0,0,0,0,0,0,0,0,0,0,0,0,0,0,0,0,0,0,0,0,0,0,0,0,0,0,0,0,0,0,0,0,0,0,0,0,0,0,0
[floor3]
0,0,0,0,0,0,0,0,0,0,0,0,0,0,0,0,0,0,0,0,0,0,0,0,0,0,0,0,0,0,0,0,0,0,0,0,0,0,0,0,0,0,0,0,0,0
0,0,0,0,0,0,0,0,0,0,0,0,0,0,0,0,0,0,0,0,0,0,0,0,0,0,0,0,0,0,0,0,0,0,0,0,0,0,0,0,0,0,0,0,0,0
0,0,-1,-1,-1,-1,-1,-1,-1,-1,-1,-1,-1,-1,-1,-1,-1,-1,-1,-1,-1,-1,-1,-1,-1,-1,-1,-1,-1,-1,-1,-1,-1,-1,-1,-1,-1,-1,-1,-1,-1,-1,-1,-1,0,0
0,0,-1,0,-1,-1,-1,-1,-1,-1,-1,-1,-1,-1,-1,-1,-1,0,0,0,0,0,0,0,0,0,0,0,0,0,0,0,0,0,0,0,0,0,0,0,0,0,0,-1,0,0
0,0,-1,0,-1,-1,0,0,0,0,0,0,0,0,0,0,0,0,0,0,0,0,0,0,0,0,0,0,0,0,0,0,-1,-1,-1,-1,-1,-1,-1,-1,-1,-1,-1,-1,0,0
0,0,-1,0,-1,-1,-1,-1,-1,-1,-1,-1,-1,-1,-1,-1,-1,0,0,0,0,0,0,0,0,0,0,0,0,0,0,0,0,0,0,0,0,0,0,0,0,0,0,-1,0,0
0,0,-1,0,-1,-1,-1,-1,-1,0,0,0,0,0,0,0,0,0,0,0,0,0,0,0,0,0,0,0,0,0,0,0,0,-1,-1,-1,-1,-1,-1,-1,-1,-1,-1,-1,0,0
0,0,-1,0,-1,-1,-1,0,0,0,0,0,DO,0,0,0,D1,0,0,0,0,0,0,0,0,0,-1,0,0,0,0,0,0,0,0,0,0,0,0,0,0,0,0,-1,0,0
0,0,-1,0,-1,-1,-1,0,-1,-1,-1,-1,-1,-1,-1,-1,-1,0,0,-1,0,0,0,0,0,0,0,0,0,0,0,-1,0,0,0,0,0,0,0,0,0,0,0,-1,0,0
0,0,-1,0,-1,-1,-1,0,-1,-1,0,0,0,0,0,0,0,0,0,0,0,-1,-1,-1,-1,-1,-1,-1,0,0,0,0,0,0,0,0,0,0,0,0,0,0,0,-1,0,0
0,0,-1,0,-1,-1,-1,0,-1,-1,-1,-1,-1,-1,-1,-1,-1,0,-1,0,0,0,0,0,0,0,0,0,0,0,0,0,0,0,0,0,0,0,0,0,0,0,0,-1,0,0
0,0,-1,0,-1,-1,-1,0,-1,-1,-1,-1,-1,-1,-1,-1,-1,0,0,0,0,0,0,0,0,0,0,0,0,0,0,0,0,0,0,0,0,0,0,0,0,0,0,-1,0,0
0,0,-1,0,-1,-1,-1,0,-1,-1,-1,-1,-1,-1,-1,-1,-1,0,0,0,0,0,0,0,0,0,0,0,0,0,0,0,0,0,0,0,0,0,0,0,0,0,0,-1,0,0
0,0,-1,0,-1,-1,-1,0,-1,-1,-1,-1,-1,-1,-1,-1,-1,-1,-1,-1,-1,-1,-1,-1,-1,-1,-1,-1,D7,-1,-1,-1,-1,-1,-1,-1,-1,-1,-1,-1,-1,-1,-1,-1,0,0
0,0,-1,0,-1,-1,-1,0,-1,-1,-1,-1,-1,-1,-1,-1,-1,0,0,0,0,0,0,0,0,0,0,0,0,0,0,0,0,0,0,0,0,0,0,0,0,0,0,-1,0,0
0,0,-1,0,-1,-1,0,0,0,0,0,0,0,0,0,0,0,0,0,0,0,0,0,0,0,0,0,0,0,0,0,0,-1,-1,-1,0,-1,-1,-1,-1,-1,-1,-1,-1,0,0
0,0,-1,0,-1,-1,-1,0,-1,-1,-1,-1,-1,-1,-1,-1,-1,0,0,0,0,0,0,0,0,0,0,0,0,0,0,0,0,0,0,0,0,0,0,0,0,0,0,-1,0,0
0,0,-1,0,-1,-1,-1,0,-1,-1,-1,-1,-1,-1,-1,-1,-1,0,0,0,0,0,0,0,0,0,0,0,0,0,0,0,0,0,0,0,0,0,0,0,0,0,0,-1,0,0
0,0,-1,0,-1,-1,-1,0,-1,-1,-1,-1,-1,-1,-1,-1,-1,0,0,0,0,0,0,0,0,0,0,0,0,0,0,0,0,0,0,0,0,0,0,0,0,0,0,-1,0,0
0,0,-1,0,-1,-1,-1,0,-1,-1,-1,-1,-1,-1,-1,-1,-1,0,0,0,0,0,0,-1,0,0,0,0,0,0,0,0,0,0,0,0,0,0,0,0,0,0,0,-1,0,0
0,0,-1,0,-1,-1,-1,0,-1,-1,-1,-1,-1,-1,-1,-1,-1,0,0,0,0,0,0,0,0,0,0,0,0,0,0,0,0,0,0,0,0,0,-1,0,0,0,0,-1,0,0
0,0,-1,0,-1,-1,-1,0,-1,-1,-1,-1,-1,-1,-1,-1,-1,0,0,-1,0,0,0,0,0,0,0,0,0,0,0,0,0,0,0,0,0,0,0,0,0,0,0,-1,0,0
0,0,-1,0,-1,-1,-1,0,-1,-1,-1,-1,-1,-1,-1,-1,-1,0,0,0,0,0,0,0,0,-1,0,0,0,0,0,0,0,0,0,0,0,0,0,0,0,0,0,-1,0,0
0,0,-1,0,-1,-1,-1,0,-1,-1,-1,-1,-1,-1,-1,-1,-1,0,0,0,0,0,0,0,0,0,0,0,0,0,0,0,0,0,0,0,0,0,0,0,0,0,0,-1,0,0
0,0,-1,0,-1,-1,-1,0,0,0,0,0,0,0,0,0,0,0,0,0,-1,0,0,0,0,0,0,0,0,0,0,0,0,0,-1,-1,-1,-1,-1,-1,-1,-1,-1,-1,0,0
0,0,-1,0,-1,-1,-1,0,-1,-1,-1,-1,-1,-1,-1,-1,-1,0,0,0,0,0,0,0,-1,0,0,-1,0,0,0,-1,0,0,0,0,0,0,0,0,0,0,0,-1,0,0
0,0,-1,0,-1,-1,-1,0,-1,-1,-1,-1,-1,-1,-1,-1,-1,0,0,0,0,0,0,0,0,0,0,0,0,0,0,0,0,-1,0,0,0,0,0,0,0,0,0,-1,0,0
0,0,-1,0,-1,-1,-1,0,-1,-1,-1,-1,-1,-1,-1,-1,-1,0,-1,0,0,-1,0,0,0,0,0,0,-1,0,0,0,0,0,0,0,0,0,0,0,0,0,0,-1,0,0
0,0,-1,0,-1,-1,-1,0,-1,-1,-1,-1,-1,-1,-1,-1,-1,0,0,0,0,0,0,0,-1,0,0,0,0,0,0,0,0,0,0,0,0,0,0,0,0,0,0,-1,0,0
0,0,-1,0,-1,-1,-1,0,-1,-1,-1,-1,-1,-1,-1,-1,-1,0,0,0,0,0,-1,0,0,0,0,0,0,0,0,0,0,0,0,0,0,0,0,0,0,0,0,-1,0,0
0,0,-1,0,-1,0,D4,0,0,0,0,0,0,D3,0,-1,-1,0,0,0,0,0,0,0,0,0,0,0,0,0,0,0,0,0,0,0,0,-1,0,0,0,0,0,-1,0,0
0,0,-1,0,-1,-1,-1,0,-1,-1,-1,-1,-1,-1,-1,-1,-1,0,0,0,0,0,0,0,0,0,0,0,0,0,0,0,0,0,0,0,0,0,0,0,0,0,0,-1,0,0
0,0,-1,0,-1,-1,-1,0,-1,-1,-1,-1,-1,-1,-1,-1,-1,0,0,0,0,0,0,0,0,0,0,0,0,0,0,0,0,0,0,0,0,0,0,0,0,0,0,-1,0,0
0,0,-1,0,-1,-1,-1,0,-1,-1,-1,-1,-1,-1,-1,-1,-1,0,0,0,0,0,0,0,0,0,0,-1,K5,0,0,0,0,0,0,0,0,0,0,0,0,0,0,-1,0,0
0,0,-1,0,-1,-1,-1,0,-1,-1,-1,-1,-1,-1,-1,-1,-1,0,0,0,0,0,0,0,0,0,0,0,0,0,0,0,0,0,0,0,0,0,0,0,0,0,0,-1,0,0
0,0,-1,0,-1,-1,-1,0,-1,-1,-1,-1,-1,-1,-1,-1,-1,0,0,0,0,0,0,0,0,0,0,0,0,0,0,0,0,0,0,0,0,0,0,0,0,0,0,-1,0,0
0,0,-1,0,-1,-1,-1,0,-1,-1,-1,-1,-1,-1,-1,-1,-1,0,0,0,0,0,0,0,0,0,0,0,0,0,0,0,0,-1,-1,-1,-1,-1,-1,-1,-1,-1,-1,-1,0,0
0,0,-1,0,-1,-1,-1,0,-1,-1,-1,-1,-1,-1,-1,-1,-1,0,0,0,0,0,0,0,-1,0,0,0,0,0,0,0,0,-1,0,0,0,0,0,0,0,0,0,-1,0,0
0,0,-1,0,-1,-1,-1,0,0,0,0,0,0,0,0,0,0,0,0,0,0,0,-1,0,0,0,0,0,0,0,0,0,0,-1,-1,-1,D2,-1,-1,-1,-1,-1,-1,-1,0,0
0,0,-1,0,-1,0,0,0,0,0,0,0,0,0,0,0,0,0,0,0,-1,-1,-1,D6,-1,-1,-1,-1,-1,-1,-1,-1,-1,-1,0,-1,-1,-1,-1,-1,-1,-1,-1,-1,0,0
0,0,-1,0,-1,-1,-1,D5,-1,-1,-1,-1,-1,-1,-1,-1,-1,0,0,0,0,0,0,0,0,0,0,0,0,0,0,0,0,0,0,0,0,0,0,0,0,0,0,-1,0,0
0,0,-1,0,-1,-1,-1,0,-1,-1,-1,-1,0,0,0,0,-1,0,0,-1,-1,-1,-1,-1,0,0,0,0,0,-1,0,0,0,0,0,0,0,0,0,0,0,-1,0,-1,0,0
0,0,-1,0,-1,0,0,0,0,0,0,0,DO,0,0,0,0,0,0,0,0,0,0,0,0,0,0,0,0,-1,0,-1,-1,-1,0,-1,-1,-1,-1,-1,-1,-1,-1,-1,0,0
0,0,-1,-1,-1,-1,-1,-1,-1,-1,-1,-1,-1,-1,-1,-1,-1,-1,-1,-1,-1,-1,-1,-1,-1,-1,-1,-1,-1,-1,-1,-1,-1,-1,-1,-1,-1,-1,-1,-1,-1,-1,-1,-1,0,0
0,0,0,0,0,0,0,0,0,0,0,0,0,0,0,0,0,0,0,0,0,0,0,0,0,0,0,0,0,0,0,0,0,0,0,0,0,0,0,0,0,0,0,0,0,0
0,0,0,0,0,0,0,0,0,0,0,0,0,0,0,0,0,0,0,0,0,0,0,0,0,0,0,0,0,0,0,0,0,0,0,0,0,0,0,0,0,0,0,0,0,0
